30
5
0 1 1 2 0
5
0 1 1 1 0
4
0 1 2 0
7
0 1 1 1 2 1 0
8
0 1 1 2 3 5 3 0
9
0 1 2 2 2 4 4 1 0
10
0 1 2 1 3 5 4 7 8 0
12
0 1 1 3 1 1 5 4 8 3 2 0
15
0 1 1 1 2 3 3 1 6 2 2 11 3 5 0
20
0 1 2 3 4 2 5 1 8 6 3 10 7 11 4 10 3 9 7 0
30
0 1 1 1 3 4 4 5 4 6 7 5 5 11 13 1 16 10 5 17 11 3 7 21 9 19 6 12 21 0
40
0 1 1 1 1 3 6 5 2 3 9 2 7 13 8 2 3 11 15 2 10 13 14 13 24 18 12 17 12 19 6 4 23 30 15 32 25 30 27 0
50
0 1 2 3 1 2 5 4 1 5 1 9 4 4 8 4 1 7 15 17 13 13 1 4 24 4 23 20 20 14 22 13 5 14 22 30 12 20 13 2 32 29 39 37 30 30 9 39 8 0
70
0 1 2 3 1 3 2 1 6 9 3 7 4 11 7 1 8 12 12 3 11 21 9 11 7 2 5 9 1 8 20 20 1 24 23 14 23 2 17 28 40 28 4 35 28 21 38 21 1 29 22 12 24 1 30 30 30 32 23 58 18 46 50 48 52 12 3 47 53 0
90
0 1 2 1 2 2 2 1 6 9 8 4 4 4 3 1 8 1 5 18 9 20 22 1 19 19 6 27 10 4 15 23 22 21 16 5 8 24 30 17 29 28 25 35 10 39 5 23 8 17 41 44 24 46 39 21 26 25 11 59 37 21 9 9 26 55 55 24 6 53 33 54 29 61 73 32 61 21 65 7 42 65 33 19 59 78 51 63 29 0
100
0 1 2 2 3 3 3 2 5 1 8 5 5 12 12 11 14 1 1 13 7 11 14 9 16 4 26 20 23 23 8 11 6 11 23 6 6 35 32 36 39 30 38 13 19 11 42 19 17 13 24 41 38 19 11 18 17 43 11 18 38 60 15 14 28 46 57 32 44 26 18 38 49 6 49 39 41 38 15 79 20 68 27 6 16 80 73 53 44 64 86 63 46 20 85 49 6 90 80 0
100
0 1 2 3 2 4 1 2 5 6 6 10 4 13 4 1 9 17 14 5 19 19 11 7 2 19 7 3 15 12 26 18 8 18 5 35 2 8 22 24 39 25 4 1 39 44 19 25 18 10 29 36 36 21 45 13 27 52 17 46 56 48 3 30 60 6 45 53 58 49 23 9 10 53 11 57 15 51 72 65 28 79 7 59 48 29 22 4 8 20 4 4 30 81 7 57 39 61 35 0
120
0 1 1 2 4 5 6 3 3 7 10 4 7 5 8 4 11 2 2 8 2 19 3 21 24 5 8 4 12 11 13 8 15 31 32 21 17 32 19 19 2 31 9 20 44 8 12 19 23 39 27 34 25 37 37 10 16 31 38 55 28 32 22 62 49 41 7 32 12 4 34 40 5 29 9 34 29 1 61 47 41 77 20 1 47 35 21 12 63 24 55 10 21 69 7 59 77 79 48 96 3 82 63 23 20 75 2 20 8 32 50 33 89 40 14 52 76 49 113 0
120
0 1 1 2 1 4 3 2 8 3 3 2 8 5 10 14 7 2 11 15 5 20 2 20 16 19 15 23 24 19 24 4 32 28 3 5 5 12 22 26 6 1 13 32 7 30 27 34 7 24 28 49 8 49 32 22 44 42 20 5 7 15 32 56 2 65 5 26 22 29 5 51 57 11 68 35 44 17 1 78 54 78 57 51 8 57 16 72 26 59 72 73 44 2 38 62 72 69 71 30 91 36 14 28 43 46 48 89 92 12 64 7 61 70 38 17 65 60 101 0
140
0 1 1 2 2 1 6 5 7 1 8 2 3 1 3 2 10 16 12 10 20 4 8 6 22 8 20 14 3 23 8 13 13 1 26 27 29 33 23 24 16 3 3 38 39 9 36 36 2 36 46 27 45 28 9 30 35 6 48 4 58 10 48 34 22 6 64 28 41 4 6 9 67 71 16 7 56 36 33 73 23 3 76 19 19 10 77 17 31 17 15 21 41 8 84 84 16 30 49 94 92 55 60 94 58 97 21 82 104 63 11 102 96 113 47 107 64 52 81 82 106 59 61 54 69 121 113 105 99 115 33 85 48 7 12 38 52 4 112 0
150
0 1 2 1 3 3 1 1 4 6 8 7 5 4 10 11 9 16 18 2 1 15 4 8 20 3 5 15 3 15 28 7 24 30 27 28 15 31 17 34 31 20 39 28 32 20 37 4 22 22 33 34 5 25 37 39 52 30 8 52 10 10 58 41 55 40 21 51 21 19 7 51 23 60 40 40 6 46 18 73 17 21 5 81 13 12 1 14 6 54 78 12 20 5 67 86 26 55 2 54 87 32 91 43 5 104 69 33 50 89 51 54 21 106 91 26 50 52 115 65 9 68 49 67 121 30 91 30 8 92 120 61 93 98 118 84 112 130 55 81 69 29 80 41 120 1 38 19 120 0
200
0 1 1 2 3 3 6 1 8 1 2 8 2 8 7 12 16 5 16 19 9 14 20 1 7 13 5 21 2 9 14 2 18 16 18 24 29 15 13 19 22 21 32 16 35 26 6 1 40 49 17 42 28 21 51 37 3 25 56 15 52 35 62 8 37 2 31 34 21 48 32 59 58 66 59 40 20 62 25 42 16 77 41 63 16 49 26 74 49 20 51 29 18 10 67 40 45 31 5 29 23 98 19 48 61 22 99 37 32 76 49 82 80 33 24 17 105 61 8 69 58 5 104 107 3 106 73 58 16 15 61 108 115 126 122 111 22 96 66 114 32 60 100 49 2 106 87 8 128 78 107 123 142 72 90 28 36 3 65 114 153 149 135 101 39 101 24 162 86 27 131 13 24 50 13 142 108 159 100 145 77 73 156 161 100 138 55 124 176 161 189 171 78 68 60 24 166 79 165 0
200
0 1 1 2 4 3 1 5 8 9 2 4 6 1 13 11 15 1 5 3 6 1 2 3 17 17 12 8 24 17 12 3 20 31 32 11 10 28 13 12 25 28 35 6 22 45 1 23 39 18 14 37 17 12 26 33 13 48 36 4 57 1 12 46 4 43 41 50 60 49 62 9 27 63 28 15 54 27 50 19 24 48 32 5 31 12 7 14 46 30 71 23 19 35 49 13 17 91 35 70 96 56 59 12 36 15 38 96 32 59 17 39 92 43 112 60 48 61 87 26 18 36 14 11 78 83 41 58 101 60 94 14 104 27 5 15 93 99 55 85 102 127 112 117 57 17 55 86 13 97 69 59 146 13 102 149 122 99 122 99 134 25 27 101 55 110 38 124 46 11 154 82 126 135 54 130 57 18 11 84 44 95 35 84 31 100 40 118 51 174 128 100 62 177 23 137 184 127 84 0
300
0 1 2 3 4 4 3 7 6 8 8 4 3 13 14 11 14 11 1 10 2 13 6 1 23 24 8 1 6 14 19 24 12 1 13 5 18 4 25 10 31 22 36 36 26 7 17 43 19 32 20 35 43 36 15 33 2 48 49 15 25 16 23 47 8 3 55 16 5 41 67 13 14 17 12 18 51 56 76 12 48 75 76 30 25 22 17 51 87 47 85 27 18 92 54 65 79 93 68 16 65 56 91 12 66 44 32 80 23 105 27 16 28 49 5 68 84 45 41 96 5 117 113 9 14 51 102 95 74 53 34 86 13 65 82 75 60 106 6 88 117 12 60 6 47 13 20 120 7 7 9 88 76 139 73 143 1 126 3 159 128 32 6 7 145 87 42 84 35 25 164 9 74 68 139 28 2 58 10 151 143 36 81 110 150 171 83 78 90 174 29 150 58 165 44 22 10 104 136 43 16 107 102 83 178 129 30 145 29 126 111 6 36 96 68 157 192 125 101 105 162 197 208 114 159 181 84 128 212 26 134 178 67 194 56 184 36 46 165 15 55 46 146 114 124 91 87 236 69 10 95 179 216 116 148 225 216 253 111 133 170 159 157 198 195 215 264 11 237 150 90 262 57 94 265 60 266 151 134 16 195 257 67 10 73 105 170 264 237 121 119 264 137 201 259 44 105 183 48 0
300
0 1 2 2 4 5 4 6 2 5 2 5 2 12 14 14 8 11 17 13 10 12 11 9 17 24 22 23 5 11 14 5 13 18 19 7 29 3 37 4 19 30 11 12 43 2 1 30 2 44 13 14 42 3 25 39 20 54 12 27 21 40 51 50 5 18 4 16 21 42 15 48 8 56 36 47 17 5 32 26 3 44 51 47 12 13 50 6 6 87 9 28 59 25 93 73 71 67 41 50 4 85 90 54 33 11 98 4 16 71 108 93 33 75 69 11 54 100 7 86 48 4 68 18 45 47 45 61 92 80 72 70 78 50 9 52 39 104 86 10 108 31 122 142 21 13 94 31 54 109 125 88 2 75 115 94 93 148 25 21 139 74 10 79 47 75 96 34 40 127 153 47 105 90 145 19 168 142 79 106 58 123 17 138 101 44 8 89 121 18 114 53 91 30 33 65 87 67 129 153 197 4 62 126 163 95 160 138 1 101 55 174 53 120 65 104 199 78 64 35 147 213 160 33 214 166 92 67 103 196 81 179 151 212 56 162 82 176 206 132 119 216 149 164 118 110 36 1 74 172 80 237 146 204 236 117 131 109 36 219 69 236 69 110 196 150 155 159 179 134 148 208 244 234 187 123 143 216 62 2 124 26 148 59 142 234 44 117 73 200 210 50 78 26 250 218 134 230 210 0
400
0 1 2 3 4 1 5 5 3 2 3 6 10 1 11 10 8 4 17 18 16 10 6 3 1 11 15 1 27 3 9 23 12 10 11 1 23 16 8 27 29 32 20 43 22 44 7 37 9 27 47 20 10 3 43 20 52 16 4 54 48 23 39 35 36 5 32 2 39 56 61 57 52 20 4 49 26 56 64 74 35 61 42 70 71 64 12 44 74 16 3 65 20 3 49 68 9 44 11 78 2 56 8 83 42 44 75 72 44 66 35 51 13 99 84 51 5 108 73 85 67 19 106 20 32 63 99 63 34 11 114 39 89 87 113 108 63 117 25 87 35 91 42 70 127 15 25 137 124 123 106 68 14 100 71 136 91 145 119 131 152 36 11 110 91 13 34 149 3 63 147 6 105 69 135 89 3 44 79 166 178 59 70 66 83 140 109 55 186 65 121 25 147 119 35 170 106 80 83 176 149 117 9 2 58 29 70 182 30 63 77 82 80 4 49 114 59 140 200 124 64 180 119 216 186 144 36 125 14 132 43 195 5 201 26 132 31 51 129 221 235 226 167 57 89 214 38 4 246 75 161 152 106 232 239 73 54 6 61 73 60 190 112 66 228 70 19 235 224 250 244 43 224 166 102 84 38 117 259 162 276 188 272 153 115 172 265 216 14 96 74 254 188 239 249 223 106 153 12 210 28 226 5 92 101 129 241 269 282 290 299 130 3 54 8 297 300 208 191 6 203 31 180 8 269 319 209 296 54 242 231 121 100 50 62 218 243 93 292 255 203 323 78 199 278 65 251 15 53 181 95 255 52 243 152 299 312 285 354 61 305 296 96 192 352 253 151 247 242 59 275 253 349 67 194 9 251 81 150 275 117 375 274 183 18 271 212 71 388 53 26 217 314 340 153 51 270 8 207 0
400
0 1 1 3 1 1 5 6 6 4 2 6 7 13 13 3 12 15 4 19 15 19 6 20 20 10 10 27 9 18 5 8 6 27 23 19 15 30 17 22 33 22 13 9 3 29 32 12 22 28 13 45 15 7 43 22 19 3 22 31 31 38 41 5 42 6 37 23 55 29 24 48 55 15 59 33 22 57 65 55 61 30 65 58 60 33 54 30 81 87 87 21 33 49 1 87 77 10 42 15 68 36 79 80 95 95 1 77 25 103 75 89 104 22 9 28 31 115 35 97 37 4 59 41 46 48 88 120 89 28 30 24 2 66 55 83 41 69 76 74 58 107 83 41 30 140 90 49 34 68 43 25 135 32 145 36 50 87 11 19 84 89 152 149 121 131 131 152 149 104 165 12 43 56 125 117 89 6 137 53 63 109 175 138 31 153 119 102 121 49 37 39 72 10 144 32 77 182 62 178 131 125 74 15 50 44 52 201 80 49 173 102 68 71 46 173 77 167 209 9 131 208 209 67 124 104 51 157 18 59 23 179 75 46 149 98 33 157 15 203 202 57 139 115 159 190 77 14 65 38 120 1 188 71 120 130 184 12 23 17 252 243 190 109 245 108 163 58 211 57 131 213 129 225 20 169 99 212 249 129 139 114 265 197 173 81 285 147 228 285 31 177 88 132 176 288 49 242 254 123 95 94 78 67 172 232 188 81 92 7 157 99 147 91 18 195 248 71 262 48 40 174 30 155 8 69 226 52 263 70 145 299 279 223 198 166 307 166 218 4 297 38 56 128 250 231 19 188 318 155 32 111 300 22 295 332 277 14 311 266 160 42 121 212 286 321 277 56 46 239 275 274 12 368 267 62 318 220 377 53 124 116 268 59 24 27 323 165 344 216 242 86 266 335 251 267 68 67 249 0
500
0 1 1 2 2 2 2 3 2 5 6 6 12 11 4 4 1 17 8 4 14 7 13 12 24 11 20 2 2 17 13 2 5 27 31 30 8 7 35 9 40 18 27 20 1 40 14 14 38 32 38 31 1 2 50 16 6 46 43 50 6 16 27 59 23 35 54 3 50 65 53 15 72 11 73 37 17 1 20 1 30 34 25 47 40 52 35 4 26 73 57 25 48 56 58 13 64 41 87 2 25 69 78 66 73 60 90 8 91 102 36 71 34 35 97 20 45 101 12 75 35 22 82 5 104 49 48 119 41 95 51 45 96 109 63 28 28 28 1 71 68 44 11 111 25 70 91 74 9 96 130 99 89 12 75 57 87 111 92 88 153 38 46 148 32 60 72 18 152 4 143 142 147 88 50 54 76 135 130 83 27 102 14 113 94 81 115 47 177 55 170 166 25 75 84 75 29 3 110 14 14 97 180 161 25 64 13 86 19 189 206 28 149 169 22 84 31 114 140 30 65 24 93 80 144 159 49 21 30 172 218 133 126 208 101 233 118 102 205 61 229 119 67 235 143 56 133 227 151 232 189 97 144 112 62 37 103 125 233 103 184 118 164 121 39 262 80 1 61 173 192 87 267 216 158 180 78 115 109 41 260 57 86 253 198 279 31 221 70 39 125 153 142 148 130 38 82 285 59 135 175 279 108 291 156 206 148 100 230 11 248 24 14 47 215 244 201 211 66 87 84 315 220 24 93 246 94 175 318 286 60 160 271 131 209 40 129 230 309 97 178 112 72 261 22 108 206 230 16 149 175 296 185 144 82 25 160 170 114 227 252 228 241 68 246 89 241 272 322 192 86 217 62 279 298 240 188 340 255 252 261 263 88 7 159 369 212 285 160 45 119 227 51 157 26 270 147 115 259 385 182 169 331 198 112 235 120 296 159 66 104 160 29 212 150 188 171 335 158 239 317 397 22 222 164 17 85 131 227 352 73 31 405 193 430 51 29 304 203 427 287 420 68 49 191 288 123 267 8 96 2 31 394 236 163 301 206 190 387 377 97 427 192 216 136 157 213 316 260 332 229 398 350 339 443 118 416 318 417 435 124 310 424 284 168 334 271 369 146 284 328 368 190 208 171 463 247 217 338 0
500
0 1 1 3 3 4 4 6 8 5 9 9 4 1 1 12 16 4 4 15 12 9 18 8 7 13 22 10 8 17 9 14 31 16 24 26 31 18 33 38 22 20 19 34 42 9 8 5 28 43 31 48 50 16 45 49 9 10 36 33 53 16 49 44 20 56 20 47 65 41 34 27 37 12 57 6 47 40 53 60 37 24 36 33 41 82 74 25 80 84 43 79 32 85 68 89 74 42 13 90 36 3 100 62 63 6 64 99 51 87 47 38 65 27 60 78 5 101 28 55 14 90 30 81 71 91 23 27 7 38 64 26 19 67 52 8 66 65 84 20 62 88 80 23 121 6 20 128 14 58 116 10 129 33 28 18 13 21 74 114 21 7 114 20 24 139 164 71 64 73 44 143 140 18 48 12 86 54 23 53 177 177 99 40 67 61 97 97 61 155 42 125 122 86 104 191 166 79 71 133 112 125 81 62 117 135 133 46 206 151 119 140 84 188 22 99 83 88 178 16 189 49 203 52 96 213 169 168 85 119 152 33 2 159 2 85 146 111 199 207 219 181 149 82 128 96 139 98 81 161 209 77 196 111 213 138 237 115 184 83 237 105 260 243 93 40 174 147 173 221 189 125 243 245 216 105 242 79 149 169 237 196 67 93 46 42 153 71 107 180 146 209 202 114 288 212 107 79 254 226 224 255 200 1 96 159 23 305 192 240 183 97 191 181 128 144 211 196 136 271 161 225 13 117 268 116 226 258 19 211 305 26 217 305 250 210 57 247 17 275 40 184 60 252 71 135 31 47 3 47 11 119 118 11 154 87 51 94 261 255 325 27 39 122 182 218 212 158 326 312 191 52 157 254 73 121 157 95 31 275 250 251 179 336 84 148 132 76 243 260 303 228 266 146 125 58 214 393 386 60 255 362 96 270 210 195 57 231 57 45 231 280 81 114 380 106 2 96 256 137 244 417 97 85 376 192 353 4 268 214 58 386 284 270 112 82 249 354 241 117 315 289 64 189 258 93 148 363 264 138 95 2 142 52 263 79 88 132 347 330 18 21 300 94 325 46 146 27 341 263 258 362 347 149 342 457 442 360 239 448 462 314 34 171 358 208 168 176 58 120 144 375 475 473 68 433 114 297 189 0
500
0 1 2 2 4 3 4 3 4 8 8 6 6 2 4 7 2 7 6 6 15 6 13 10 9 15 15 10 23 24 27 3 14 17 26 1 22 27 26 13 36 2 30 41 29 16 38 16 3 28 20 29 18 48 35 28 12 8 48 14 11 4 12 45 38 62 19 20 62 46 27 24 27 66 74 54 28 17 51 64 12 69 56 54 29 9 4 80 41 27 18 77 66 13 33 37 42 22 71 42 24 55 63 98 97 33 76 48 11 104 29 24 101 23 88 34 63 56 100 80 73 17 41 56 2 114 71 101 35 21 70 10 83 125 56 43 110 136 116 128 41 127 97 59 120 119 71 19 30 14 109 28 108 4 103 140 116 65 136 150 120 147 46 13 24 7 46 32 32 122 99 131 2 76 36 31 10 118 154 72 91 178 175 48 81 4 161 172 115 62 73 165 82 107 150 78 67 153 95 76 106 77 170 126 87 132 70 19 182 77 161 153 209 107 134 154 32 167 135 161 80 83 5 94 57 161 60 79 103 226 108 170 42 144 175 192 100 145 229 202 145 219 39 100 197 85 103 204 35 93 160 140 178 48 42 189 180 184 65 64 216 18 121 145 152 191 25 51 228 139 43 146 134 203 58 140 138 197 108 208 128 220 129 186 163 251 8 133 268 88 40 61 75 113 200 268 221 30 232 254 68 8 26 198 299 57 18 281 165 44 239 238 23 20 186 168 283 252 220 22 136 11 173 143 132 4 53 99 249 215 26 25 67 317 301 177 56 73 125 55 137 336 106 337 57 139 205 98 215 300 330 110 273 201 256 37 246 126 144 9 171 311 41 209 94 357 55 4 231 58 85 114 227 71 27 334 253 20 373 40 195 317 173 167 142 234 243 151 282 261 311 185 124 177 229 155 268 364 14 301 141 192 66 206 71 330 280 306 140 284 235 347 286 371 19 218 360 355 256 194 47 237 8 39 363 251 197 50 46 134 335 215 229 174 150 5 172 131 343 241 54 286 335 214 153 86 401 130 391 321 274 306 266 325 167 52 321 124 443 413 100 244 2 126 36 56 372 228 447 428 256 86 162 337 112 406 303 42 201 92 114 92 67 108 183 28 282 435 54 414 12 69 133 338 135 261 469 256 124 0
